C:    [0.01440, -0.00936, 11.99956]     # Be cautious to always find new edge points when changing the observer position
P_tl: [6.929551453215346, 1.6919474951595046, 15.0]
P_br: [-8.499491678620544, -4.53700701649053, 6.3609349022754476]
distance_min: 6.0
distance_max: 15.0
min_z: 5.0
target_radius: 0.25   # meters to consider target reached
initial_delay: 12.0   # seconds to wait after sending UAV1 to C before moving UAV2
